              precision    recall  f1-score   support

       bacon     1.0000    1.0000    1.0000        15
        bill     1.0000    1.0000    1.0000        15
        card     1.0000    1.0000    1.0000        15
change_order     1.0000    1.0000    1.0000        15
        done     1.0000    1.0000    1.0000        15
      double     1.0000    1.0000    1.0000        15
 green_sauce     1.0000    1.0000    1.0000        15
     grilled     1.0000    1.0000    1.0000        15
    jalapeno     1.0000    1.0000    1.0000        15
      loaded     1.0000    1.0000    1.0000        15
      masala     1.0000    1.0000    1.0000        15
 mayo_garlic     1.0000    1.0000    1.0000        15
      medium     1.0000    1.0000    1.0000        15
        menu     1.0000    1.0000    1.0000        15
    new_york     1.0000    1.0000    1.0000        15
         one     1.0000    1.0000    1.0000        15
      remove     1.0000    1.0000    1.0000        15
       small     1.0000    1.0000    1.0000        15
 soft_drinks     1.0000    1.0000    1.0000        15
    takeaway     1.0000    1.0000    1.0000        15
       three     1.0000    1.0000    1.0000        15
        wait     1.0000    1.0000    1.0000        15
       wings     1.0000    1.0000    1.0000        15
      zinger     1.0000    1.0000    1.0000        15

    accuracy                         1.0000       360
   macro avg     1.0000    1.0000    1.0000       360
weighted avg     1.0000    1.0000    1.0000       360
